%YAML:1.0
proj_intrinsics: !!opencv-matrix
   rows: 3
   cols: 3
   dt: d
   data: [ 2.5602513416809270e+03, 0., 8.9524457640721937e+02, 0.,
       2.7387190102097643e+03, 4.7535823621080874e+02, 0., 0., 1. ]
proj_distortion: !!opencv-matrix
   rows: 1
   cols: 5
   dt: d
   data: [ 0., 0., 0., 0., 0. ]
R: !!opencv-matrix
   rows: 3
   cols: 3
   dt: d
   data: [ 9.9102434931867334e-01, 1.6367404006910034e-02,
       1.3267572175637360e-01, 6.2115571415728710e-05,
       9.9241994441305925e-01, -1.2289283979482336e-01,
       -1.3368146916890117e-01, 1.2179803782185868e-01,
       9.8351131299217354e-01 ]
T: !!opencv-matrix
   rows: 3
   cols: 1
   dt: d
   data: [ 3.9401985013420522e-02, 1.0088916945956239e-01,
       -1.9073454208364626e-01 ]
proj_size: !!opencv-matrix
   rows: 1
   cols: 2
   dt: i
   data: [ 1024, 768 ]
