%YAML:1.0
proj_intrinsics: !!opencv-matrix
   rows: 3
   cols: 3
   dt: d
   data: [ 2.0448825233642731e+03, 0., 5.3294807024241959e+02, 0.,
       2.1341193397198231e+03, -3.9513559740890237e+01, 0., 0., 1. ]
proj_distortion: !!opencv-matrix
   rows: 1
   cols: 5
   dt: d
   data: [ 0., 0., 0., 0., 0. ]
R: !!opencv-matrix
   rows: 3
   cols: 3
   dt: d
   data: [ -9.9976436863281848e-01, 2.1107018072879711e-02,
       5.0696153989279527e-03, -2.1150052629114850e-02,
       -9.9973940395601668e-01, -8.5906607111595167e-03,
       4.8869710463220542e-03, -8.6958591145278492e-03,
       9.9995024853652259e-01 ]
T: !!opencv-matrix
   rows: 3
   cols: 1
   dt: d
   data: [ 4.3736488362902351e-02, 5.2973984042366924e-02,
       1.6895346396476130e-01 ]
proj_size: !!opencv-matrix
   rows: 1
   cols: 2
   dt: i
   data: [ 1024, 768 ]
