%YAML:1.0
camera_matrix: !!opencv-matrix
   rows: 3
   cols: 3
   dt: d
   data: [ 2.0495255239067869e+03, 0., 1.0870792463171344e+03, 0.,
       2.0978324404323175e+03, 2.3737580133118436e+02, 0., 0., 1. ]
distortion_coefficients: !!opencv-matrix
   rows: 1
   cols: 5
   dt: d
   data: [ 0., 0., 0., 0., 0. ]
rectification_matrix: !!opencv-matrix
   rows: 3
   cols: 3
   dt: f
   data: [ 1., 0., 0., 0., 1., 0., 0., 0., 1. ]
projection_matrix: !!opencv-matrix
   rows: 4
   cols: 4
   dt: f
   data: [ -2.19090845e+03, -2.00207993e+02, -7.36296692e+02,
       6.55293091e+02, -2.27746216e+02, 2.08515967e+03, -2.39768585e+02,
       -5.72155762e+02, -1.63068026e-01, -1.74014345e-02,
       -9.86461341e-01, 6.82204664e-01, 0., 0., 0., 1. ]
