%YAML:1.0
proj_intrinsics: !!opencv-matrix
   rows: 3
   cols: 3
   dt: d
   data: [ 2.1693249383481261e+03, 0., 4.4411441160010742e+02, 0.,
       2.2475807257479350e+03, 7.5847340441233939e+02, 0., 0., 1. ]
proj_distortion: !!opencv-matrix
   rows: 1
   cols: 5
   dt: d
   data: [ 0., 0., 0., 0., 0. ]
R: !!opencv-matrix
   rows: 3
   cols: 3
   dt: d
   data: [ 9.9683300431290889e-01, -2.1513373979291775e-02,
       7.6558058050915409e-02, 9.0291010235303611e-03,
       9.8710499734903379e-01, 1.5981927150150252e-01,
       -7.9009093446305814e-02, -1.5862187411763620e-01,
       9.8417308650673929e-01 ]
T: !!opencv-matrix
   rows: 3
   cols: 1
   dt: d
   data: [ -2.3768994239456866e-02, 1.0234997141738222e-01,
       -1.4700281663069206e-01 ]
proj_size: !!opencv-matrix
   rows: 1
   cols: 2
   dt: i
   data: [ 800, 600 ]
