%YAML:1.0
proj_intrinsics: !!opencv-matrix
   rows: 3
   cols: 3
   dt: d
   data: [ 2.0495255239067869e+03, 0., 1.0870792463171344e+03, 0.,
       2.0978324404323175e+03, 2.3737580133118436e+02, 0., 0., 1. ]
proj_distortion: !!opencv-matrix
   rows: 1
   cols: 5
   dt: d
   data: [ 0., 0., 0., 0., 0. ]
R: !!opencv-matrix
   rows: 3
   cols: 3
   dt: d
   data: [ -9.8249113189347026e-01, -9.0111015290560023e-02,
       -1.6306802468292844e-01, 8.8455229242279013e-02,
       -9.9592814121970630e-01, 1.7401435180945935e-02,
       -1.6397209570650603e-01, 2.6725362420843739e-03,
       9.8646135726629014e-01 ]
T: !!opencv-matrix
   rows: 3
   cols: 1
   dt: d
   data: [ 4.2115810950381916e-02, 3.4993008711067464e-01,
       -6.8220463997667857e-01 ]
proj_size: !!opencv-matrix
   rows: 1
   cols: 2
   dt: i
   data: [ 1920, 1080 ]
